13,2
13,1
13,0
10,2
10,1
10,0
9,2
9,1
9,0
7,3
7,2
7,1
7,0
4,3
11,1
27,8
27,7
27,6
27,5
27,4
27,3
27,2
27,1
26,5
26,4
26,3
26,2
26,1
25,13
25,9
25,8
25,7
25,6
25,5
25,4
25,3
25,2
25,1
24,8
24,7
24,6
24,5
24,4
24,3
24,2
24,1
13,3
11,5
11,4
11,3
11,2
11,0
10,3
9,3
2,3
1,3
0,410
0,324
0,243
0,9
0,0
0,1
0,420
0,300
0,419
0,299
0,418
0,298
0,417
0,297
0,416
0,296
0,415
0,295
0,414
0,294
0,413
0,293
0,412
0,292
0,411
0,291
0,409
0,290
0,408
0,289
0,407
0,288
0,406
0,287
0,405
0,286
0,404
0,285
0,403
0,284
0,402
0,283
0,401
0,282
0,400
0,281
0,399
0,280
0,398
0,279
0,397
0,278
0,396
0,277
0,395
0,276
0,394
0,275
0,393
0,274
0,392
0,273
0,391
0,272
0,390
0,271
0,389
0,270
0,388
0,269
0,387
0,268
0,386
0,267
0,385
0,266
0,384
0,265
0,383
0,264
0,382
0,263
0,381
0,262
0,380
0,261
0,379
0,260
0,378
0,259
0,377
0,258
0,435
0,257
0,376
0,256
0,434
0,255
0,375
0,254
0,374
0,253
0,373
0,252
0,372
0,251
0,371
0,250
0,370
0,249
0,369
0,248
0,368
0,247
0,367
0,246
0,366
0,245
0,365
0,244
0,364
0,242
0,363
0,241
0,362
0,240
0,361
0,239
0,360
0,238
0,436
0,237
0,358
0,236
0,357
0,235
0,356
0,234
0,355
0,233
0,433
0,232
0,354
0,231
0,432
0,230
0,353
0,229
0,352
0,228
0,351
0,227
0,350
0,226
0,349
0,225
0,348
0,224
0,347
0,223
0,346
0,222
0,345
0,221
0,344
0,220
0,343
0,219
0,342
0,218
0,431
0,217
0,430
0,216
0,429
0,215
0,428
0,214
0,427
0,213
0,212
0,340
0,211
0,339
0,210
0,426
0,209
0,338
0,208
0,337
0,207
0,336
0,206
0,425
0,205
0,335
0,204
0,203
0,333
0,202
0,424
0,201
0,332
0,200
0,331
0,199
0,423
0,198
0,330
0,197
0,329
0,196
0,328
0,195
0,422
0,194
0,327
0,193
0,326
0,192
0,421
0,63
0,325
0,62
0,323
0,61
0,322
0,60
0,321
0,59
0,320
0,58
0,319
0,57
0,318
0,56
0,317
0,55
0,316
0,54
0,315
0,53
0,314
0,52
0,313
0,51
0,312
0,50
0,311
0,49
0,310
0,48
0,309
0,47
0,308
0,46
0,307
0,45
0,301
0,6
0,5
0,304
0,303
0,306
0,305
0,302
0,12
0,10
0,8
0,11
0,4
0,2
0,3
0,7
27,0
26,0
25,0
24,0
